7, 44, 56, 73, 103, 104, 111, 197, 209, 212, 221, 260, 264, 293, 308, 330, 331, 429, 430, 496


7, 44, 56, 73, 103, 104, 111, 197, 209, 212, 221, 260, 264, 293, 308, 330, 331, 429, 430, 496

==================== End ====================
143, 331, 294, 159, 32, 37, 395, 93, 185, 30, 489, 263, 449, 213, 296, 119, 80, 388, 106, 352

143, 331, 294, 159, 32, 37, 395, 93, 185, 30, 489, 263, 449, 213, 296, 119, 80, 388, 106, 352
143, 331, 294, 159, 32, 37, 395, 93, 185, 30, 489, 263, 449, 213, 296, 119, 80, 388, 106, 352
143, 331, 294, 159, 32, 37, 395, 93, 185, 30, 489, 263, 449, 213, 296, 119, 80, 388, 106, 352
143, 331, 294, 159, 32, 37, 395, 93, 185, 30, 489, 263, 449, 213, 296, 119, 80, 388, 106, 352
143, 331, 294, 159, 32, 37, 395, 93, 185, 30, 489, 263, 449, 213, 296, 119, 80, 388, 106, 352
143, 331, 294, 159, 32, 37, 395, 93, 185, 30, 489, 263, 449, 213, 296, 119, 80, 388, 106, 352
143, 331, 294, 159, 32, 37, 93, 395, 185, 30, 489, 263, 449, 213, 296, 119, 80, 388, 106, 352
143, 331, 294, 159, 32, 37, 93, 185, 395, 30, 489, 263, 449, 213, 296, 119, 80, 388, 106, 352
143, 331, 294, 159, 32, 37, 93, 185, 30, 395, 489, 263, 449, 213, 296, 119, 80, 388, 106, 352
143, 331, 294, 159, 32, 37, 93, 185, 30, 263, 489, 395, 449, 213, 296, 119, 80, 388, 106, 352
143, 331, 294, 159, 32, 37, 93, 185, 30, 263, 213, 395, 449, 489, 296, 119, 80, 388, 106, 352
143, 331, 294, 159, 32, 37, 93, 185, 30, 263, 213, 296, 449, 489, 395, 119, 80, 388, 106, 352
143, 331, 294, 159, 32, 37, 93, 185, 30, 263, 213, 296, 119, 489, 395, 449, 80, 388, 106, 352
143, 331, 294, 159, 32, 37, 93, 185, 30, 263, 213, 296, 119, 80, 395, 449, 489, 388, 106, 352
143, 331, 294, 159, 32, 37, 93, 185, 30, 263, 213, 296, 119, 80, 106, 449, 489, 388, 395, 352
143, 331, 294, 159, 32, 37, 93, 185, 30, 263, 213, 296, 119, 80, 106, 352, 489, 388, 395, 449
32, 331, 294, 159, 143, 37, 93, 185, 30, 263, 213, 296, 119, 80, 106, 352, 489, 388, 395, 449
32, 37, 294, 159, 143, 331, 93, 185, 30, 263, 213, 296, 119, 80, 106, 352, 489, 388, 395, 449
32, 37, 93, 159, 143, 331, 294, 185, 30, 263, 213, 296, 119, 80, 106, 352, 489, 388, 395, 449
32, 37, 93, 30, 143, 331, 294, 185, 159, 263, 213, 296, 119, 80, 106, 352, 489, 388, 395, 449
32, 37, 93, 30, 80, 331, 294, 185, 159, 263, 213, 296, 119, 143, 106, 352, 489, 388, 395, 449
32, 37, 93, 30, 80, 106, 294, 185, 159, 263, 213, 296, 119, 143, 331, 352, 489, 388, 395, 449
32, 37, 93, 30, 80, 106, 294, 185, 159, 263, 213, 296, 119, 143, 331, 352, 489, 388, 395, 449
32, 37, 93, 30, 80, 106, 294, 185, 159, 263, 213, 296, 119, 143, 331, 352, 489, 388, 395, 449
32, 37, 30, 93, 80, 106, 294, 185, 159, 263, 213, 296, 119, 143, 331, 352, 489, 388, 395, 449
32, 37, 30, 80, 93, 106, 294, 185, 159, 263, 213, 296, 119, 143, 331, 352, 489, 388, 395, 449
30, 37, 32, 80, 93, 106, 294, 185, 159, 263, 213, 296, 119, 143, 331, 352, 489, 388, 395, 449
30, 32, 37, 80, 93, 106, 294, 185, 159, 263, 213, 296, 119, 143, 331, 352, 489, 388, 395, 449
30, 32, 37, 80, 93, 106, 294, 185, 159, 263, 213, 296, 119, 143, 331, 352, 489, 388, 395, 449
30, 32, 37, 80, 93, 106, 294, 185, 159, 263, 213, 296, 119, 143, 331, 352, 489, 388, 395, 449
30, 32, 37, 80, 93, 106, 294, 185, 159, 263, 213, 296, 119, 143, 331, 352, 489, 388, 395, 449
30, 32, 37, 80, 93, 106, 294, 185, 159, 263, 213, 296, 119, 143, 331, 352, 489, 388, 395, 449
30, 32, 37, 80, 93, 106, 294, 185, 159, 263, 213, 296, 119, 143, 331, 352, 489, 388, 395, 449
30, 32, 37, 80, 93, 106, 294, 185, 159, 263, 213, 296, 119, 143, 331, 352, 489, 388, 395, 449
30, 32, 37, 80, 93, 106, 294, 185, 159, 263, 213, 296, 119, 143, 331, 352, 489, 388, 395, 449
30, 32, 37, 80, 93, 106, 294, 185, 159, 263, 213, 296, 119, 143, 331, 352, 489, 388, 395, 449
30, 32, 37, 80, 93, 106, 294, 185, 159, 263, 213, 296, 119, 143, 331, 352, 489, 388, 395, 449
30, 32, 37, 80, 93, 106, 119, 185, 159, 263, 213, 296, 294, 143, 331, 352, 489, 388, 395, 449
30, 32, 37, 80, 93, 106, 119, 143, 159, 263, 213, 296, 294, 185, 331, 352, 489, 388, 395, 449
30, 32, 37, 80, 93, 106, 119, 143, 159, 263, 213, 296, 294, 185, 331, 352, 489, 388, 395, 449
30, 32, 37, 80, 93, 106, 119, 143, 159, 185, 213, 296, 294, 263, 331, 352, 489, 388, 395, 449
30, 32, 37, 80, 93, 106, 119, 143, 159, 185, 213, 296, 294, 263, 331, 352, 489, 388, 395, 449
30, 32, 37, 80, 93, 106, 119, 143, 159, 185, 213, 263, 294, 296, 331, 352, 489, 388, 395, 449
30, 32, 37, 80, 93, 106, 119, 143, 159, 185, 213, 263, 294, 296, 331, 352, 489, 388, 395, 449
30, 32, 37, 80, 93, 106, 119, 143, 159, 185, 213, 263, 294, 296, 331, 352, 489, 388, 395, 449
30, 32, 37, 80, 93, 106, 119, 143, 159, 185, 213, 263, 294, 296, 331, 352, 388, 489, 395, 449
30, 32, 37, 80, 93, 106, 119, 143, 159, 185, 213, 263, 294, 296, 331, 352, 388, 395, 489, 449
30, 32, 37, 80, 93, 106, 119, 143, 159, 185, 213, 263, 294, 296, 331, 352, 388, 395, 449, 489
30, 32, 37, 80, 93, 106, 119, 143, 159, 185, 213, 263, 294, 296, 331, 352, 388, 395, 449, 489
30, 32, 37, 80, 93, 106, 119, 143, 159, 185, 213, 263, 294, 296, 331, 352, 388, 395, 449, 489

30, 32, 37, 80, 93, 106, 119, 143, 159, 185, 213, 263, 294, 296, 331, 352, 388, 395, 449, 489
