347, 474, 9, 244, 361, 189, 6, 92, 82, 354, 168, 436, 80, 102, 497, 185, 218, 113, 406, 198

9, 474, 347, 244, 361, 189, 6, 92, 82, 354, 168, 436, 80, 102, 497, 185, 218, 113, 406, 198
9, 189, 347, 244, 361, 474, 6, 92, 82, 354, 168, 436, 80, 102, 497, 185, 218, 113, 406, 198
9, 189, 6, 244, 361, 474, 347, 92, 82, 354, 168, 436, 80, 102, 497, 185, 218, 113, 406, 198
9, 189, 6, 92, 361, 474, 347, 244, 82, 354, 168, 436, 80, 102, 497, 185, 218, 113, 406, 198
9, 189, 6, 92, 82, 474, 347, 244, 361, 354, 168, 436, 80, 102, 497, 185, 218, 113, 406, 198
9, 189, 6, 92, 82, 168, 347, 244, 361, 354, 474, 436, 80, 102, 497, 185, 218, 113, 406, 198
9, 189, 6, 92, 82, 168, 80, 244, 361, 354, 474, 436, 347, 102, 497, 185, 218, 113, 406, 198
9, 189, 6, 92, 82, 168, 80, 102, 361, 354, 474, 436, 347, 244, 497, 185, 218, 113, 406, 198
9, 189, 6, 92, 82, 168, 80, 102, 185, 354, 474, 436, 347, 244, 497, 361, 218, 113, 406, 198
9, 189, 6, 92, 82, 168, 80, 102, 185, 113, 474, 436, 347, 244, 497, 361, 218, 354, 406, 198
9, 189, 6, 92, 82, 168, 80, 102, 185, 113, 198, 436, 347, 244, 497, 361, 218, 354, 406, 474
9, 189, 6, 92, 82, 168, 80, 102, 185, 113, 198, 436, 347, 244, 497, 361, 218, 354, 406, 474
9, 6, 189, 92, 82, 168, 80, 102, 185, 113, 198, 436, 347, 244, 497, 361, 218, 354, 406, 474
9, 6, 92, 189, 82, 168, 80, 102, 185, 113, 198, 436, 347, 244, 497, 361, 218, 354, 406, 474
9, 6, 92, 82, 189, 168, 80, 102, 185, 113, 198, 436, 347, 244, 497, 361, 218, 354, 406, 474
9, 6, 92, 82, 80, 168, 189, 102, 185, 113, 198, 436, 347, 244, 497, 361, 218, 354, 406, 474
9, 6, 92, 82, 80, 102, 189, 168, 185, 113, 198, 436, 347, 244, 497, 361, 218, 354, 406, 474
9, 6, 92, 82, 80, 102, 113, 168, 185, 189, 198, 436, 347, 244, 497, 361, 218, 354, 406, 474
9, 6, 92, 82, 80, 102, 113, 168, 185, 189, 198, 436, 347, 244, 497, 361, 218, 354, 406, 474
9, 6, 92, 82, 80, 102, 113, 168, 185, 189, 198, 436, 347, 244, 497, 361, 218, 354, 406, 474
9, 6, 92, 82, 80, 102, 113, 168, 185, 189, 198, 436, 347, 244, 497, 361, 218, 354, 406, 474
9, 6, 92, 82, 80, 102, 113, 168, 185, 189, 198, 436, 347, 244, 497, 361, 218, 354, 406, 474
9, 6, 92, 82, 80, 102, 113, 168, 185, 189, 198, 436, 347, 244, 497, 361, 218, 354, 406, 474
9, 6, 92, 82, 80, 102, 113, 168, 185, 189, 198, 436, 347, 244, 497, 361, 218, 354, 406, 474
9, 6, 92, 82, 80, 102, 113, 168, 185, 189, 198, 436, 347, 244, 497, 361, 218, 354, 406, 474
9, 6, 92, 82, 80, 102, 113, 168, 185, 189, 198, 436, 347, 244, 497, 361, 218, 354, 406, 474
9, 6, 80, 82, 92, 102, 113, 168, 185, 189, 198, 436, 347, 244, 497, 361, 218, 354, 406, 474
6, 9, 80, 82, 92, 102, 113, 168, 185, 189, 198, 436, 347, 244, 497, 361, 218, 354, 406, 474
6, 9, 80, 82, 92, 102, 113, 168, 185, 189, 198, 436, 347, 244, 497, 361, 218, 354, 406, 474
6, 9, 80, 82, 92, 102, 113, 168, 185, 189, 198, 436, 347, 244, 497, 361, 218, 354, 406, 474
6, 9, 80, 82, 92, 102, 113, 168, 185, 189, 198, 436, 347, 244, 497, 361, 218, 354, 406, 474
6, 9, 80, 82, 92, 102, 113, 168, 185, 189, 198, 436, 347, 244, 497, 361, 218, 354, 406, 474
6, 9, 80, 82, 92, 102, 113, 168, 185, 189, 198, 436, 347, 244, 497, 361, 218, 354, 406, 474
6, 9, 80, 82, 92, 102, 113, 168, 185, 189, 198, 436, 347, 244, 497, 361, 218, 354, 406, 474
6, 9, 80, 82, 92, 102, 113, 168, 185, 189, 198, 436, 347, 244, 497, 361, 218, 354, 406, 474
6, 9, 80, 82, 92, 102, 113, 168, 185, 189, 198, 436, 347, 244, 497, 361, 218, 354, 406, 474
6, 9, 80, 82, 92, 102, 113, 168, 185, 189, 198, 436, 347, 244, 497, 361, 218, 354, 406, 474
6, 9, 80, 82, 92, 102, 113, 168, 185, 189, 198, 436, 347, 244, 497, 361, 218, 354, 406, 474
6, 9, 80, 82, 92, 102, 113, 168, 185, 189, 198, 436, 347, 244, 361, 497, 218, 354, 406, 474
6, 9, 80, 82, 92, 102, 113, 168, 185, 189, 198, 436, 347, 244, 361, 218, 497, 354, 406, 474
6, 9, 80, 82, 92, 102, 113, 168, 185, 189, 198, 436, 347, 244, 361, 218, 354, 497, 406, 474
6, 9, 80, 82, 92, 102, 113, 168, 185, 189, 198, 436, 347, 244, 361, 218, 354, 406, 497, 474
6, 9, 80, 82, 92, 102, 113, 168, 185, 189, 198, 436, 347, 244, 361, 218, 354, 406, 474, 497
6, 9, 80, 82, 92, 102, 113, 168, 185, 189, 198, 347, 436, 244, 361, 218, 354, 406, 474, 497
6, 9, 80, 82, 92, 102, 113, 168, 185, 189, 198, 347, 244, 436, 361, 218, 354, 406, 474, 497
6, 9, 80, 82, 92, 102, 113, 168, 185, 189, 198, 347, 244, 361, 436, 218, 354, 406, 474, 497
6, 9, 80, 82, 92, 102, 113, 168, 185, 189, 198, 347, 244, 361, 218, 436, 354, 406, 474, 497
6, 9, 80, 82, 92, 102, 113, 168, 185, 189, 198, 347, 244, 361, 218, 354, 436, 406, 474, 497
6, 9, 80, 82, 92, 102, 113, 168, 185, 189, 198, 347, 244, 361, 218, 354, 406, 436, 474, 497
6, 9, 80, 82, 92, 102, 113, 168, 185, 189, 198, 347, 244, 361, 218, 354, 406, 436, 474, 497
6, 9, 80, 82, 92, 102, 113, 168, 185, 189, 198, 347, 244, 361, 218, 354, 406, 436, 474, 497
6, 9, 80, 82, 92, 102, 113, 168, 185, 189, 198, 347, 244, 218, 361, 354, 406, 436, 474, 497
6, 9, 80, 82, 92, 102, 113, 168, 185, 189, 198, 347, 244, 218, 354, 361, 406, 436, 474, 497
6, 9, 80, 82, 92, 102, 113, 168, 185, 189, 198, 218, 244, 347, 354, 361, 406, 436, 474, 497
6, 9, 80, 82, 92, 102, 113, 168, 185, 189, 198, 218, 244, 347, 354, 361, 406, 436, 474, 497
6, 9, 80, 82, 92, 102, 113, 168, 185, 189, 198, 218, 244, 347, 354, 361, 406, 436, 474, 497

6, 9, 80, 82, 92, 102, 113, 168, 185, 189, 198, 218, 244, 347, 354, 361, 406, 436, 474, 497

==================== End ====================
143, 331, 294, 159, 32, 37, 395, 93, 185, 30, 489, 263, 449, 213, 296, 119, 80, 388, 106, 352

143, 331, 294, 159, 32, 37, 395, 93, 185, 30, 489, 263, 449, 213, 296, 119, 80, 388, 106, 352
143, 331, 294, 159, 32, 37, 395, 93, 185, 30, 489, 263, 449, 213, 296, 119, 80, 388, 106, 352
143, 331, 294, 159, 32, 37, 395, 93, 185, 30, 489, 263, 449, 213, 296, 119, 80, 388, 106, 352
143, 331, 294, 159, 32, 37, 395, 93, 185, 30, 489, 263, 449, 213, 296, 119, 80, 388, 106, 352
143, 331, 294, 159, 32, 37, 395, 93, 185, 30, 489, 263, 449, 213, 296, 119, 80, 388, 106, 352
143, 331, 294, 159, 32, 37, 395, 93, 185, 30, 489, 263, 449, 213, 296, 119, 80, 388, 106, 352
143, 331, 294, 159, 32, 37, 93, 395, 185, 30, 489, 263, 449, 213, 296, 119, 80, 388, 106, 352
143, 331, 294, 159, 32, 37, 93, 185, 395, 30, 489, 263, 449, 213, 296, 119, 80, 388, 106, 352
143, 331, 294, 159, 32, 37, 93, 185, 30, 395, 489, 263, 449, 213, 296, 119, 80, 388, 106, 352
143, 331, 294, 159, 32, 37, 93, 185, 30, 263, 489, 395, 449, 213, 296, 119, 80, 388, 106, 352
143, 331, 294, 159, 32, 37, 93, 185, 30, 263, 213, 395, 449, 489, 296, 119, 80, 388, 106, 352
143, 331, 294, 159, 32, 37, 93, 185, 30, 263, 213, 296, 449, 489, 395, 119, 80, 388, 106, 352
143, 331, 294, 159, 32, 37, 93, 185, 30, 263, 213, 296, 119, 489, 395, 449, 80, 388, 106, 352
143, 331, 294, 159, 32, 37, 93, 185, 30, 263, 213, 296, 119, 80, 395, 449, 489, 388, 106, 352
143, 331, 294, 159, 32, 37, 93, 185, 30, 263, 213, 296, 119, 80, 106, 449, 489, 388, 395, 352
143, 331, 294, 159, 32, 37, 93, 185, 30, 263, 213, 296, 119, 80, 106, 352, 489, 388, 395, 449
32, 331, 294, 159, 143, 37, 93, 185, 30, 263, 213, 296, 119, 80, 106, 352, 489, 388, 395, 449
32, 37, 294, 159, 143, 331, 93, 185, 30, 263, 213, 296, 119, 80, 106, 352, 489, 388, 395, 449
32, 37, 93, 159, 143, 331, 294, 185, 30, 263, 213, 296, 119, 80, 106, 352, 489, 388, 395, 449
32, 37, 93, 30, 143, 331, 294, 185, 159, 263, 213, 296, 119, 80, 106, 352, 489, 388, 395, 449
32, 37, 93, 30, 80, 331, 294, 185, 159, 263, 213, 296, 119, 143, 106, 352, 489, 388, 395, 449
32, 37, 93, 30, 80, 106, 294, 185, 159, 263, 213, 296, 119, 143, 331, 352, 489, 388, 395, 449
32, 37, 93, 30, 80, 106, 294, 185, 159, 263, 213, 296, 119, 143, 331, 352, 489, 388, 395, 449
32, 37, 93, 30, 80, 106, 294, 185, 159, 263, 213, 296, 119, 143, 331, 352, 489, 388, 395, 449
32, 37, 30, 93, 80, 106, 294, 185, 159, 263, 213, 296, 119, 143, 331, 352, 489, 388, 395, 449
32, 37, 30, 80, 93, 106, 294, 185, 159, 263, 213, 296, 119, 143, 331, 352, 489, 388, 395, 449
30, 37, 32, 80, 93, 106, 294, 185, 159, 263, 213, 296, 119, 143, 331, 352, 489, 388, 395, 449
30, 32, 37, 80, 93, 106, 294, 185, 159, 263, 213, 296, 119, 143, 331, 352, 489, 388, 395, 449
30, 32, 37, 80, 93, 106, 294, 185, 159, 263, 213, 296, 119, 143, 331, 352, 489, 388, 395, 449
30, 32, 37, 80, 93, 106, 294, 185, 159, 263, 213, 296, 119, 143, 331, 352, 489, 388, 395, 449
30, 32, 37, 80, 93, 106, 294, 185, 159, 263, 213, 296, 119, 143, 331, 352, 489, 388, 395, 449
30, 32, 37, 80, 93, 106, 294, 185, 159, 263, 213, 296, 119, 143, 331, 352, 489, 388, 395, 449
30, 32, 37, 80, 93, 106, 294, 185, 159, 263, 213, 296, 119, 143, 331, 352, 489, 388, 395, 449
30, 32, 37, 80, 93, 106, 294, 185, 159, 263, 213, 296, 119, 143, 331, 352, 489, 388, 395, 449
30, 32, 37, 80, 93, 106, 294, 185, 159, 263, 213, 296, 119, 143, 331, 352, 489, 388, 395, 449
30, 32, 37, 80, 93, 106, 294, 185, 159, 263, 213, 296, 119, 143, 331, 352, 489, 388, 395, 449
30, 32, 37, 80, 93, 106, 294, 185, 159, 263, 213, 296, 119, 143, 331, 352, 489, 388, 395, 449
30, 32, 37, 80, 93, 106, 119, 185, 159, 263, 213, 296, 294, 143, 331, 352, 489, 388, 395, 449
30, 32, 37, 80, 93, 106, 119, 143, 159, 263, 213, 296, 294, 185, 331, 352, 489, 388, 395, 449
30, 32, 37, 80, 93, 106, 119, 143, 159, 263, 213, 296, 294, 185, 331, 352, 489, 388, 395, 449
30, 32, 37, 80, 93, 106, 119, 143, 159, 185, 213, 296, 294, 263, 331, 352, 489, 388, 395, 449
30, 32, 37, 80, 93, 106, 119, 143, 159, 185, 213, 296, 294, 263, 331, 352, 489, 388, 395, 449
30, 32, 37, 80, 93, 106, 119, 143, 159, 185, 213, 263, 294, 296, 331, 352, 489, 388, 395, 449
30, 32, 37, 80, 93, 106, 119, 143, 159, 185, 213, 263, 294, 296, 331, 352, 489, 388, 395, 449
30, 32, 37, 80, 93, 106, 119, 143, 159, 185, 213, 263, 294, 296, 331, 352, 489, 388, 395, 449
30, 32, 37, 80, 93, 106, 119, 143, 159, 185, 213, 263, 294, 296, 331, 352, 388, 489, 395, 449
30, 32, 37, 80, 93, 106, 119, 143, 159, 185, 213, 263, 294, 296, 331, 352, 388, 395, 489, 449
30, 32, 37, 80, 93, 106, 119, 143, 159, 185, 213, 263, 294, 296, 331, 352, 388, 395, 449, 489
30, 32, 37, 80, 93, 106, 119, 143, 159, 185, 213, 263, 294, 296, 331, 352, 388, 395, 449, 489
30, 32, 37, 80, 93, 106, 119, 143, 159, 185, 213, 263, 294, 296, 331, 352, 388, 395, 449, 489

30, 32, 37, 80, 93, 106, 119, 143, 159, 185, 213, 263, 294, 296, 331, 352, 388, 395, 449, 489
